-78658
-45797
57263
-65355
-86545
-71060
24190
94145
43287
-93974
10889
57671
46742
-52856
46884
-77972
47617
-37331
9482
78245
47924
-16615
58586
-46215
40316
-95872
61695
44873
-5040
-87753
-51340
8107
-90694
53126
-58505
-9837
-64703
96241
-86320
82360
-16771
36327
-54174
42755
-67459
9361
55960
25278
-13047
-68464
31804
83902
-20576
91924
60820
80968
-28995
-75421
12755
-13787
-40988
40753
40467
-32087
-15944
-40436
-65278
-77252
75196
-59045
55303
-96094
-48114
69545
83387
-10463
25292
-22953
-86434
-70185
48144
-69302
89029
49418
-57238
-95038
60004
-19844
-38490
26198
92880
-38858
20670
-92278
346
-35186
76553
-27977
-56585
-82987
-24059
-37349
-75521
12795
90512
60035
-21962
-81963
60592
16748
-73452
44406
-5622
-97484
-190
-96590
-52660
-40991
-32400
-28351
80414
21480
-14866
-19607
-98432
43079
-93470
38613
-71727
15771
58158
82495
50803
-51071
3518
66500
13314
60583
54562
-26786
-20340
-23537
-56877
9741
69976
-55922
34147
82471
31939
33306
53634
14014
-95312
-63304
-17145
58999
-35096
31342
-93659
31931
-73929
22538
-94187
14123
-88510
-69336
-78386
80717
-60763
-59279
-71618
-93796
76147
51861
-22720
-48939
38252
-73182
-52203
-71990
15858
72845
-66756
78642
-50434
22152
-43658
-16024
-93842
-60200
-85043
-55911
-89250
-80982
95869
12352
90065
9069
-39551
27909
-55228
13017
-66078
-76565
-82222
-20141
-44761
-41394
-68521
28557
62400
93578
78970
81781
89844
61261
92586
35360
14755
30822
-20352
-47052
79771
-36844
-91723
93732
-37401
-78810
-76689
43983
54164
-32822
8527
-14341
-45222
-36042
60989
52000
-49488
-91290
46132
99016
64639
-41152
-73059
-19275
-98228
11335
39381
56773
-47123
23634
-6169
47729
14935
-41028
-55997
-18146
-99075
43763
-70667
23111
78077
-57095
36171
-98575
-20650
69197
17385
-27399
29016
74408
34140
-37614
-49603
3866
48090
-42384
34520
95001
95057
-70205
-76332
91022
73438
62463
-61272
64015
-11075
27007
12892
99379
-169
-34582
-90431
45629
63655
33638
-56585
-32645
-84561
-26913
-6148
-24949
-33966
-64257
75240
-82073
79984
52240
-62096
18878
-50975
-49397
-23563
283
-83572
71219
94957
31461
-16741
65488
-5471
-28008
56310
-2258
13862
76670
-2471
-32409
45190
-39177
37218
67335
-51407
-22689
-47969
-72230
60258
-75423
-68760
19974
32552
67366
-59269
42638
19452
82191
63843
-3927
-78412
76675
10032
-44491
17410
6061
57902
-9495
-75502
15820
16497
576
67632
-9162
-86869
-87926
-48340
-67078
65121
-84243
-20564
-82726
42283
-10241
-39881
58968
-41778
43896
7099
-97174
-544
61689
-89318
40155
-74905
38687
-96814
39562
-26472
-51602
-14441
12904
-42910
-88613
-43275
19420
-18707
56557
40612
-7528
16786
-24173
94106
-25731
-91448
82670
-8179
-9626
43506
84457
50368
30821
-68480
-66538
-77479
12589
78168
-27310
12648
6
-79590
91072
-79572
-33669
55216
82941
84411
-70256
-17146
15859
-82901
-33746
89453
-75477
36083
56888
94998
-33450
-56728
80155
64573
-48311
8506
62673
-37652
-27670
2775
-15423
-85375
68905
-20217
87770
-63018
30322
75467
95760
32591
-68600
56810
62843
92493
-53281
37146
62668
62450
56311
9884
30200
65671
-56009
15392
27131
56125
-43866
11934
66292
-98994
40197
-44838
-81618
-35819
52060
-4244
-68045
79790
66223
73229
23872
-70312
-11275
-25951
-97124
-2182
32853
36086
97661
89826
93975
73616
90116
-42397
17026
86328
38696
-9963
-41073
32338
69146
50285
18320
47050
-40414
99992
-21187
76151
-28339
90141
-93418
-37859
-54116
-98550
27393
66667
-91035
42317
29352
56190
87674
-31195
-12628
-7546
73108
-2164
-3781
33089
-70814
4908
-941
2207
-91898
24289
-80930
44246
6638
44955
-57543
46604
-11210
-60971
80136
96000
45475
-78438
-67112
-54626
16384
-63836
-12581
-52471
-48970
12634
2881
-31491
-81627
-35216
25668
36278
22047
-57205
21191
2328
27342
56003
15272
21058
73799
90222
-76898
7950
-91683
36853
-10704
-61890
50251
-20868
76165
70573
90837
-10823
-63157
-49694
25682
-13421
-760
56700
-64353
-53144
-67054
45219
6570
55183
-90445
6488
14199
-12276
94149
19940
-91826
-88156
75419
-29453
57049
41118
58630
-43203
82214
-58831
-52704
-68985
-41777
19780
-78342
73239
19132
-35595
45833
6839
-78231
-93103
-60884
30747
-22749
-74836
-41666
7496
-24170
12244
-26405
-74706
73415
-19973
6113
-8973
26660
23978
-48456
-72696
36465
87096
8498
45207
-23241
9804
-26444
-64052
75818
-24595
-46143
-79206
97924
-48556
50862
-86543
52545
95827
33915
13923
-48179
-72895
88163
-94701
15419
-35262
-45725
75786
60400
-29614
21056
-80265
-4645
-3677
4450
10173
-72715
-42063
69027
52865
627
12293
99951
82483
69078
-37505
92366
35660
-38246
44807
94007
1645
-36040
68390
-53863
89660
-76559
35263
47232
-20037
2106
-3279
-60968
-52084
55673
98920
65212
-86049
-18205
-11047
-75693
-95630
-90402
22460
-84962
-76838
38270
64065
-56952
-24160
28399
33062
36115
36424
-34090
-35909
48016
-62360
-66141
22537
-18779
81178
9212
96497
-20810
43274
1664
22467
7953
37688
-47317
70244
38109
75372
44950
39428
77156
90827
-15879
11132
74217
-28024
77401
30245
59723
90229
-66086
53399
-84570
-40020
-15835
-10949
93095
-14009
-23581
91028
89285
93088
-41875
-22225
31122
98177
45523
83785
33926
-58542
24481
-89028
82713
50185
-54909
-86069
-62288
70169
32819
-23052
-62355
-34637
96787
32961
27349
-30947
87970
61675
-49945
37031
-53841
-68322
31049
73783
-10165
-78008
10999
75446
25741
-35790
-20401
-84146
44646
-93638
-4026
45628
73686
-85211
-25699
-8137
-92346
81098
-4292
48457
50732
-26824
95841
9679
-13121
22948
49679
24787
31653
41038
42947
85859
-18933
-22197
57025
20612
-98401
51402
-16564
1083
-16661
19276
97306
-31244
57560
77409
37142
42544
41572
58979
-44835
-24051
25811
-79480
-20810
50886
99883
90521
-2631
56716
-28416
-76269
86464
33193
-72619
-56662
-74447
-53035
-37904
66314
6098
-75945
43039
50563
-56783
-90216
-72278
24686
-6066
-58100
-12664
11870
57103
829
-48989
88582
-18243
-74075
-17824
98856
-16862
28167
40835
-8511
89915
99025
-99635
-8077
-91955
-70648
-47840
63080
22748
74449
-17419
27581
-83396
-6726
-30897
61739
63984
-14671
-72714
19103
72798
-98364
9873
-93799
32638
-18144
-24373
56622
1194
89539
-9673
-35685
-54918
48294
-3486
-90063
-89636
-99757
59946
18181
-90022
-28093
-53608
86525
80545
60651
-52155
-4884
-61249
40433
53475
-42108
-54739
-28168
43386
9226
12074
35814
87063
14517
66399
24982
12143
-75759
-99592
33821
-73792
-1744
-74258
6634
59
75572
-91999
-93355
38783
-55536
-81162
16370
-28331
-81627
-12766
-86128
2256
-4746
-21062
-27828
-34998
-27277
72144
9474
-62318
-93947
93850
-45590
67008
51946
-61648
56740
18355
47941
-56712
68890
-92040
-7332
-15548
-80953
33561
-29757
-44435
-48780
89744
16396
45090
27287
5354
-10719
34212
89797
65442
-41477
71524
-36546
-70812
-56822
-63888
-80120
78459
4546
45512
-72102
77027
-60038
-19521
-63409
22226
86428
4509
86600
-10245
-29811
35019
-80489
22522
-61551
-27450
-39068
-42144
58096
87318
44795
-59003
97220
28264
-13735
80472
25570
80755
57721
59535
-39169
28872
-90588
17775
76791
-78300
-7230
70141
-80485
66255
-42333
-39134
51717
-61821
-59143
73601
-66918
39232
25632
-4035
90561
-88119
43248
4686
31167
71933
21933
84908
-29037
17534
-11346
1906
10551
53865
51402
-99106
-69618
81585
58068
-54313
2797
-49091
36723
-46882
-35673
22744
-42152
72298
-54046
-66916
6637
46808
99476
6440
-26308
23768
62927
5158
98693
22945
-78581
-41289
-12614
21057
-72207
-19222
29310
-9045
89780
80621
-87398
10365
33585
-29604
-58542
-19380
-29299
65390
98971
20987
16593
-2227
-29765
84686
1439
-64921
-76510
17556
-72231
-94049
97923
88550
76786
4724
-16638
-51463
34511
40463
-73845
-28836
63622
4305
34538
58107
63704
30192
-69608
-46380
-46706
91085
79407
71188
-12790
-2283
1165
83903
-59119
-83975
79860
-57586
99637
13107
3645
27660
599
85547
61326
97440
-20356
-55306
97211
89713
52605
-173
-41365
-14700
18634
20321
-98847
96669
-28828
-95683
69981
88850
75755
40213
-41875
29162
49306
-1769
-70441
56740
93395
-8541
-43052
-55423
-52702
-54318
-96089
77362
-91736
47490
49735
27473
-10128
18624
1208
80132
-84717
-18508
55261
-95607
-51136
27606
-78127
-80366
-74940
-66309
-29889
-30332
44406
87334
97187
25262
66840
-37850
66617
70778
-70
32052
-38045
-11213
76950
93758
-23611
-52692
89499
38838
101
-72074
13259
43424
-51924
-57444
22594
-31562
-21043
-48239
23856
99609
23716
-82619
72334
-33879
-50419
-39741
-14237
-34598
-64495
-55511
65072
-64858
-8580
-27816
-9478
-63231
25258
96618
-8150
77053
-37373
-57167
19524
-93728
43661
-33140
-90944
-35871
40726
-35859
-53463
-13246
-20169
73484
-70890
-52988
-18558
-35677
-22848
16530
88824
81514
-65377
78516
-89058
98243
1049
-37916
32484
-56723
-90841
49431
23237
-66640
21517
-15666
-42703
452
15751
-39629
-87970
27032
23784
95955
52814
-21412
-59921
-303
-56670
81271
82990
16553
10576
-57379
26833
-76136
-10007
96285
80030
-76677
-76562
-47148
-94809
26198
-12327
19533
-27235
-75253
-63450
-83885
98945
74603
-37635
-74747
99754
22801
50576
82096
-74941
-78463
23782
52862
-62441
-46508
6070
84318
-67555
-55748
-99426
-78963
34262
-88170
44539
66077
32233
84741
-12201
76171
93832
-53167
-43414
34281
-35297
87119
59548
13343
8432
4104
22828
-108
-41183
33171
68860
77077
8703
3753
35628
3735
-38398
26192
-26597
-55935
-41986
-82963
76159
-32537
75302
-11963
19869
10556
-81592
-43166
-20250
-14404
6475
62499
86776
-78955
-93408
-81151
-7443
-97251
-61669
-89450
34876
42675
25649
80606
-84197
66553
-12017
-66786
-90244
74664
-32193
-51603
-13058
-73401
-90300
-31010
-82725
5316
-11732
24163
-15517
-84054
-55140
51826
-50486
-79552
-67498
-83377
43128
-249
71570
15469
61004
6417
59854
17178
-27374
-74151
95592
92396
-75268
-85897
-40499
36046
-43657
-81967
75926
-35619
5612
-31113
44832
16923
38383
34769
-68515
-91782
56930
17744
-56437
64325
82451
67800
-51290
42912
-29074
34658
97555
77906
-40165
-88746
-65224
-41912
39127
66927
35428
-50277
-13676
-92400
98451
-38021
14180
63753
35550
-12223
2787
34420
76167
14838
-36497
-69072
33088
15703
73164
-74913
-6018
-8063
-28427
-43107
6779
-28972
46035
5636
-55985
-63047
-36149
47396
4157
90189
-69516
67216
40594
90150
22732
-28055
96037
-15211
10046
-54637
-98320
-73208
53024
-3407
-59598
-66639
-18753
-5514
-18998
7913
-57983
-49649
93166
-53502
17112
66867
78547
48521
54387
80015
-83418
58607
78902
78433
70811
2960
-98836
81270
43703
4848
17337
4460
49335
-93833
-36134
50232
35986
83113
24447
-98774
-31312
-46209
48731
73468
19248
97466
1686
18062
-78803
-56815
-30353
37564
59861
-7968
98836
96720
49871
68113
51998
4186
87023
-20727
99499
45777
79225
-17983
44845
-11518
-16686
48827
10547
-28915
11349
-30216
-30571
-88037
17132
-74651
66055
54747
49468
-44792
-30973
89148
-96046
28754
35016
55913
-46664
46527
61763
63528
83682
-84910
-9883
69918
44012
-57016
-93200
-93320
-42036
-68341
-50264
76578
-98229
15745
-3546
-56460
39055
-41050
-9890
25046
92412
-45465
-11433
-58974
32950
273
86824
-74664
39646
79118
-29188
-87384
-62590
58613
-60236
53986
-75308
48249
-19896
-96406
-83460
46912
7836
-73346
-360
10594
-39968
-80380
28062
-99717
-12154
72070
-78036
-92283
98031
-81734
59270
56471
-87999
-48176
67357
-79629
-88192
93997
-63340
14156
-67318
53263
80173
94066
-74808
50667
79658
16814
-77824
82273
-25715
-34391
18151
84808
42987
-16732
29874
64376
61151
92218
89599
-66673
-54185
70016
-74248
-21467
-93424
-49582
-34922
72604
96370
-68349
-28168
-91072
9229
-59794
44104
-33630
-24572
3219
-13382
-76955
83684
43024
104
-29755
43861
90678
46564
33647
-85460
69287
-58793
-90050
25525
-18767
88180
-72380
-55708
-17853
-81108
88868
-14076
-89532
85419
-56763
43134
89488
66613
-78930
-82115
43756
-20127
46940
18974
-46307
-78961
58463
36070
54714
-67579
-54187
-40377
23488
-9774
-53217
-74931
-79409
76239
-53832
-4133
-66332
43486
-82071
27797
31886
77151
-87840
-15225
-89919
72116
-19893
95806
-71357
42061
88871
28839
-48704
-47537
-89983
65883
-56415
56470
56926
-36595
-12015
-77745
56011
19088
9448
-6998
70224
50214
-74977
29035
98713
80405
49876
3761
29081
95027
59106
-15057
-29727
78343
41230
-84854
-11454
-54830
-74524
-90762
19546
-25930
77589
-42493
13964
59859
-6829
27137
68081
7771
-37287
-28671
32189
98636
82282
-21173
81017
79147
-55717
-7840
49620
26924
-52773
76281
89822
62192
-38337
78446
-93173
89823
-56054
-49691
57750
-25531
-59339
73135
-45900
4806
84906
-74548
15577
-28260
22761
81438
62898
-82925
27369
10152
-23785
33618
-31184
22881
90708
84454
-80160
-32576
59301
17481
-26912
-67038
97457
-33068
-72444
-43871
14154
99019
54658
47859
88383
-18154
7942
-85124
-50022
-67457
98689
-82661
70516
-45289
-97836
-52955
25943
24392
46564
-86206
5299
38824
-85827
39193
15090
-6927
-71981
95576
48667
-32494
-49720
69480
3233
-22460
90818
-93607
-6249
49183
72449
-40918
-7759
60504
-94317
22687
-64038
-95773
95376
7773
-12038
81551
92873
-2235
-17503
83553
-2766
30660
-41691
-49838
-81273
-10040
-39048
95607
-13362
88004
-38659
-72589
-20776
2894
48431
-47808
-11401
64827
14228
-96527
-62766
37894
10269
-91654
-44277
29498
-3739
66460
44350
49426
66459
38569
18950
39588
-30649
-33062
-84862
-97952
-51250
37876
-47736
68344
-37629
-51070
36506
-86018
41951
74276
98323
-52733
89081
66178
7775
-25173
65005
16093
-82577
17007
-2968
-22967
-15386
71461
-99840
-50478
43389
44785
-84014
-61887
62875
-23851
-85337
43278
-40114
-69892
86653
-1357
68918
-81360
-71411
41708
-78600
-40285
93112
-93258
-46562
44295
41492
-66426
-30354
-6111
-33532
-82471
-58266
93095
-49245
99705
-16863
33697
78901
52573
73300
77696
25493
58907
38381
-99430
-21492
87637
-58451
27795
-31442
21732
84436
95156
-14505
-90825
83280
26269
4098
-98429
78968
56467
10448
5012
-49006
-39074
32895
-77683
15998
-51149
80508
-48186
-72858
-42568
83794
-50188
59176
81914
86912
-17077
-56794
-54148
7569
18256
82108
81003
-92689
-71321
-69389
93977
34426
1660
-23833
2548
82085
4968
-38955
-90912
67330
-38694
-19744
-93475
-89088
53359
50765
-30822
-55654
4906
4042
98753
-46773
15289
-93492
-40059
-98001
-70530
50509
98982
81945
-39312
-50825
80565
-80772
-34500
-39560
29707
88168
-67660
-39891
96789
-27097
78819
-27878
47601
-66888
-20533
-55988
54222
-33140
27331
-28950
-89144
86269
73272
1566
5825
77608
10898
-55718
45301
-11970
-65969
78949
23557
-69434
40610
2994
24781
-12932
-45531
6825
-99592
-17882
31188
-60893
-94369
-15362
40889
-83971
22303
-49868
60150
-22902
-37188
36728
99142
94522
81073
13050
-75076
-14986
24934
35952
-99224
90757
-87586
-93573
-34593
76138
-62970
-40044
-31067
-27561
4285
-25586
61946
22930
65521
-70695
-37592
-38618
17936
15704
-7233
-72764
87517
-37815
51293
73699
82624
86629
31140
94257
-96996
-84127
-56579
35940
-6745
26088
11004
-23497
72095
-19369
-45737
-34798
58663
83171
96375
41061
-67307
79818
38514
25202
6543
-93709
97182
-90365
58123
-84885
56066
74618
61714
25651
-20012
82486
-1795
15561
8675
74266
-81245
91229
69833
-38595
-940
-83835
-96057
-80442
65118
72175
49958
86230
-79092
-18289
87635
-15752
-59533
-49960
-76567
-84371
71620
92281
47643
-3688
18627
4644
-75071
4897
-55223
-25381
-24078
-72387
94975
17751
70909
-70421
81067
87534
98984
59214
-1665
-6117
-86822
-51362
-20415
17182
35967
-79480
-99575
-97245
14363
15224
-8030
-40202
12580
-46950
53402
60397
43514
7492
61605
28983
-29053
-23668
53965
-62609
-15135
-74808
18477
63732
22117
89448
-69948
49134
41891
96219
42719
22737
91120
-60140
-29023
-64878
39663
-5259
-75044
97049
-11788
-41946
17024
10170
-19016
28144
-6213
-86623
-50469
-40552
49941
77868
25194
-11705
70293
-40157
-70801
-39841
55500
98544
62970
99057
-23845
98020
72656
-98758
67565
55184
80006
42327
-10366
-16558
4743
-79294
56977
-47207
-86559
76886
71587
-42354
26837
75480
-72327
38843
-83970
44800
93978
337
88658
6081
-98270
-24173
-58762
-66682
38824
96109
47230
57380
-28186
-92321
-9270
-10529
-26798
95671
-24551
71123
-62808
-20369
-77097
13683
21103
45004
85180
55749
-73217
56693
-40248
-99699
-41571
42711
-88229
-91517
-53165
120
-27869
-72529
23365
62754
-25636
-85364
-71646
34368
-41449
91223
-75775
94290
-69807
-21763
-29459
103
58567
-79241
58431
-35252
81342
-43485
-81459
-45854
-95513
-303
-46627
15789
89595
33420
-36699
-15603
-74878
49502
36211
23614
83775
-40002
56756
-79232
-54940
-27133
-81094
-24826
11847
49907
49115
68890
61176
16661
9629
-35889
34654
-69694
-3468
97511
48946
-32723
-87173
-81458
13785
-69091
-80025
8500
34119
22694
-76751
3881
44033
56008
-30388
21431
47014
-94175
1906
-49779
93506
-66994
10866
99234
11811
82201
24731
89039
4673
61199
-34024
-71599
-37757
-95958
-77588
49701
8879
-18858
-80631
-8075
-91663
60530
-78218
24923
10289
-35494
-3586
-35753
-38233
-87196
-12466
-72447
-77951
-95280
-3888
-8039
44279
-17735
-33068
-68982
40366
-8796
2206
-7267
56271
9907
50719
-54465
33602
-14087
-15666
-42608
-83025
94959
32926
14186
39423
-10067
13730
-3800
-61867
-99899
74293
-43129
-83402
65208
20795
-28493
-1888
59120
-49280
28438
-72842
67932
-92366
13545
69334
55783
-38049
8550
26081
-82233
80207
96094
28121
81520
-63732
-83236
66151
25074
49137
-36114
976
-88648
-98055
36797
28995
72979
45090
-61676
-58777
25413
81116
54490
-24506
66832
74803
6935
-63652
46466
84078
16122
6758
-70617
-85348
-64614
-546
-9898
43497
18502
-8934
48298
-75029
99998
-97532
-63946
73431
70187
-67719
60175
-28360
-12824
48215
-24843
14081
11405
86592
-94229
-13487
-85138
-45705
56286
25073
85388
87547
-11238
8927
-32905
53586
20591
79337
-64989
53588
-14580
-53874
4948
60712
-76849
23828
19469
-38381
56547
47005
11917
-65344
-44218
88378
-62727
81505
9471
-86126
80250
83787
-27322
36933
54073
31395
-27639
32180
9345
68706
-77210
92142
-86121
64420
-90548
-33625
-18210
-59593
47077
-41620
-12097
63191
-97919
67787
-29800
43054
15859
46632
-56521
-39296
-99403
-35549
-83699
9911
39690
-27079
-55820
17681
83983
2803
81836
-81041
62491
-77192
-75550
69295
35274
-97694
60526
-62402
94178
-14824
-99649
30288
72369
-95660
14780
-16062
41406
59038
28964
-38813
-22675
18853
-70446
87999
-38610
-32672
5415
-72451
-89635
74854
-27392
-66364
99809
-59412
37081
-78075
50115
-61422
-53871
41171
62748
-62798
-84840
25687
-42858
-93996
65657
4012
17469
-49807
97526
-44038
73951
-5238
41865
-48576
-98566
-53541
-50188
-62593
77039
13892
4241
-70122
95049
-16537
-1446
5724
30648
-22870
11256
28473
97367
60858
77865
-88942
-67363
54741
5017
4730
-39236
-785
50125
-80233
97108
8051
-83223
-48067
13860
-68507
-89543
-71335
83587
-3898
78367
3283
-29466
-60784
54257
-38536
12267
91887
31334
-77188
-41861
-86346
82248
43835
-39476
-591
-36281
25146
62935
60778
-20786
-67123
-34262
-96942
4141
-13382
42755
95533
-62725
33997
74737
-84625
5567
-77189
5918
29262
78106
85726
-25857
-68739
-53017
-60922
37430
96942
-58454
98384
82093
75759
-80514
55902
72833
-56199
73831
29812
-5448
-8929
-14780
96246
38103
30582
66734
78219
63986
-21515
-56764
63060
-14601
56326
9884
56631
-3539
-77011
47530
-60525
23564
-74568
-53879
81063
17445
96710
68351
-10551
-18688
58776
54284
-96771
60367
-21602
60568
-97139
-78743
-38957
-44533
30157
91702
-37088
44458
-22498
-27538
-43655
95049
64395
-93100
-77741
-11031
-93579
22552
-26715
-14427
-55072
-86937
-83619
-92840
13422
-67575
17550
-84180
-69859
-36393
63220
18718
-4341
7773
80287
-82535
48835
-53935
61420
-30656
-62697
-69828
-25642
68104
-10196
-27093
-47301
-88545
80438
-72992
-8262
-9857
-20445
72031
-33392
-24924
26547
-66356
-49520
-66034
-57333
-72971
83121
40728
74254
-32267
-97022
26841
12320
-19182
-76899
24471
-62037
-54270
35455
-42799
6991
57062
-61505
-83529
35245
-86421
20417
-94077
94972
74862
10805
-7851
42564
39209
41604
-7525
26841
31691
-6908
-53834
-48099
64420
-76856
-44910
53776
-45783
92876
32030
-41959
94538
-36235
-96035
-85257
-47073
71764
50653
-9322
-77236
-85318
-9523
55763
18652
-82932
-95036
-56480
15203
80246
-57413
-77470
-81226
92506
-36832
53493
-96600
15964
-38544
88159
75548
32115
46513
-67205
-87492
39438
-66636
-91612
-41291
69937
38238
-34449
-15784
74736
-65606
38107
77739
-69367
31020
10527
-57965
43155
-95640
1572
-37883
69636
61975
46
-27163
-39025
8937
48193
-77514
61538
-25127
45335
52476
-52130
55682
31478
5348
-84598
-26240
719
55885
-42689
-99240
-34153
34309
-36491
47495
26261
17598
44672
58322
90057
82890
-83442
-46718
85531
47287
50516
75696
30640
-64516
-91300
31831
-36384
-33587
76156
22577
3094
61179
-88261
31437
6356
38386
29419
36265
-91229
-65344
52833
69583
-28796
41758
-87343
-29946
-57784
-54596
43642
94723
-67969
-51202
5221
71351
-66067
4135
90542
-61072
-52656
83394
-27223
18819
3716
-56297
-3083
44205
-48615
-86219
12940
-19611
13239
12834
-97802
-95807
-6209
71011
-2091
-90119
-50092
-46152
-65394
23413
-60508
89615
-21015
27230
-90316
20176
47940
6741
6856
76647
-10537
21327
25730
45767
-97909
59192
-30833
44202
-92956
-36818
-79433
89408
66458
-55238
3445
-34270
-76620
21392
36447
-12909
38777
1698
-25682
-94860
-97203
-30764
-63688
97819
-24681
95121
9852
50119
99064
-45747
-70018
-69587
-8713
72101
28376
-34881
-31546
18780
6831
39444
-18829
34550
13559
91739
14564
-25658
61334
-37278
-5308
-36353
23726
34202
-43207
-28134
-69554
-15494
75101
7505
-37982
-64187
-23071
-33257
-81635
98655
74684
55589
16154
-53126
-78536
66854
-53307
-61590
75675
68412
88809
46173
-37586
66160
-82954
59524
-57887
-89149
25540
-18946
-17212
-42717
52305
66696
-43107
-75799
-63104
-91538
67214
-8226
-9607
-2694
48976
73175
-38073
-79554
92158
-88258
96162
24095
-83405
86061
-36111
-24155
94323
74496
-24694
2848
20163
-31344
23811
60817
-46590
87180
22465
-42560
40261
80058
16339
46140
63552
50956
-51065
32218
-30316
-51283
-72827
-59327
5465
-87563
-71405
-65499
85636
-22053
-42685
-6883
80100
92958
86559
-88219
-37495
-80722
-65045
32062
-93446
-12128
-13238
-64095
28463
52463
-53421
-46135
-92835
-81142
-712
-93872
80406
51000
-22013
-97622
-44545
28425
77235
42629
88625
-6162
66518
-51205
71543
-59387
-36617
87084
76786
46230
46478
92720
-41728
-61211
-93098
-40400
-24569
29172
71359
-31158
86134
-44375
27939
95751
56518
-73674
-15935
95302
57866
-72301
38014
41549
-72606
-97551
61704
77762
24701
-13311
-51319
3684
33481
20664
87629
-24854
-76018
9198
25628
-48070
59119
14230
-96636
-27526
72720
-24693
-91479
-85519
71970
-41275
25874
96582
92209
65595
-45409
-13805
-18930
-38250
-24902
94530
87268
37531
54430
-78413
31022
-28702
-50271
99695
83475
66648
-1865
-95410
-34228
-72001
-20505
8071
-79797
82977
-60897
61532
29019
80678
-57138
27241
-81012
18056
31002
75333
-153
-45417
83521
36248
-31715
86292
-29951
44953
19824
92052
69701
-31344
22398
-40161
-48603
-92139
95208
-71706
-59052
-15808
17607
-42847
88114
80284
-70023
84761
1242
-56422
49487
62257
86305
-40154
-34084
-81123
-38823
57923
52901
73195
-49933
-8525
-60342
-30478
47728
-58005
71086
36543
-91169
17834
73471
7849
-66050
-11710
-62192
35099
-79318
19582
-12305
12249
-52507
-18223
-2019
70120
35383
93173
49941
2578
60706
-7988
30690
-28206
-20300
96239
92226
-59862
-47523
76512
3954
-43548
99457
-51603
-80451
72126
-92997
33447
-43773
45119
-92174
63097
-21743
46041
30047
78137
-81655
78650
-31540
-55960
50371
69730
25453
-81371
-80634
-70089
-33319
5312
59941
-24003
-50878
-50504
21587
-21546
56602
95138
-29451
-863
-35432
13004
-11518
-38150
38703
1600
-2631
-98140
7983
19816
82118
-96375
-463
-6950
-73523
57894
-51693
-63127
47974
-91845
49189
-84583
99184
-12906
60993
-46828
46219
40941
82037
-28346
55792
-7919
-95478
-12465
58607
-84073
666
-5582
-30226
-27324
69631
-50877
-66029
-98648
52226
65840
68599
-61538
16292
-94132
79365
-8543
-34488
11673
-95784
-71218
21261
33693
-81164
14022
-5628
-15072
14337
-59062
70944
-70157
-28878
69403
83426
36220
30667
-96325
-97751
-36494
-33588
-50754
-33123
68644
-1964
-82599
57297
-30057
-77512
26641
87643
-6392
87803
-8698
-52435
-37193
-28488
-26239
30342
37544
29215
-11517
-22606
-28737
62302
57616
-22257
65112
-98239
19180
-21288
-81034
-87184
-7982
19762
-14161
79871
-93664
-67231
-31820
-79033
15096
-81739
-94352
-1634
33436
-21080
45876
-17628
79287
-68017
41852
-42291
82280
-88550
-47628
39597
94014
-13822
-62177
-99250
55557
-87467
-78110
-30083
68506
9715
45271
-7681
-76289
16765
-92728
76055
-57844
-5573
-41161
29575
32593
10697
26211
-72400
-98688
48661
47808
5364
-71523
7988
19033
48826
71783
11880
-60493
-89637
-42962
-24153
58662
-95509
76239
18203
-85918
-21623
20621
-64465
-7304
60144
-57668
40507
-37913
-25136
3863
-61442
-3998
-9350
71773
-59321
9953
-24791
17674
61511
-75153
-20623
46156
19862
77222
-95618
77559
-58155
61189
-17976
61560
-6347
18790
-3884
16904
-60579
-85326
-11813
-68869
-14931
25499
-99581
-86560
-34724
-87392
-47607
40764
-15951
86852
84390
23671
45699
-20442
65998
-68874
44754
42020
-26785
-81935
-21385
77353
-51995
65993
-63500
-41292
33047
93166
23152
-82411
17428
-90420
83835
-11958
-2525
26513
-70068
17480
-51084
-53852
2778
18591
-96102
-75958
70876
-44311
-12634
-81069
-74826
-24023
48397
42749
90030
-44503
-6236
38365
32801
55
-27148
24413
-72993
97386
10302
-45506
87570
63016
77861
-32119
58484
5570
-90239
69386
-75676
28239
-50060
-35286
-54645
-62003
-92142
-34398
60593
82964
-34672
-22627
83898
-98848
-37446
90844
13826
-62547
-75684
-14304
27230
6214
-99466
82206
56255
42627
-46256
45525
46430
87830
-85932
17717
63023
43338
-28726
-49682
22084
22615
12840
-2674
-51760
-63092
-29530
40322
-17711
4116
43341
-29525
-39100
3346
-82813
-74347
56695
-24988
-58620
82309
-40412
-44642
34863
-68776
-64677
-1336
97335
-50710
84149
36501
51807
55104
-5230
93422
-6482
30237
-6460
-44095
89216
-17588
12186
-56137
-83538
25050
36315
20934
-67354
-62544
-6545
78459
-18762
74260
47126
85623
7456
9348
-10827
93434
11923
7220
8009
38928
21918
19821
10525
-1291
15187
-99591
17884
-87663
32731
74681
-9775
-29569
78782
69133
-30288
-90636
-12424
94346
74314
25794
20050
-16210
-34685
-46047
-37339
-62205
-87618
3969
26684
-69307
-63962
-48782
-11449
25734
30291
-84405
40713
13530
65181
-92606
-23191
-39235
-75589
-58384
-89997
-88213
-35527
1921
59458
-27718
66101
31465
-87479
21539
-31390
20933
59024
-77036
16666
-16176
75726
-18032
84648
34252
-3235
21762
77085
-77986
-99848
20159
-90040
5929
-33144
42573
-21399
67160
-57052
17432
-52202
30918
-59560
-54859
53818
-80091
-20938
-46463
565
-89540
-20534
-59170
-93798
99205
66548
-79876
-16136
65520
-24905
-82013
-21803
93870
-14649
84053
-48054
53428
39163
-57011
12422
-61146
67258
25573
77256
14455
-24746
-86814
77230
51208
604
86031
-9955
-24858
-71983
-67654
81922
-47206
38460
87503
69301
-80297
83554
66041
-42320
-94589
78034
-53411
-83856
-18350
-6886
68624
56687
26035
8836
62671
88996
-17220
96689
85322
-78976
26968
104
-38264
36002
40393
24425
40886
-53668
-58080
95148
-22615
36339
6794
15376
51064
164
-27131
30290
-76060
11940
75618
-58613
-94917
-32388
-45769
-48468
45530
-88737
65093
45926
-19859
83883
99191
30704
-63706
37346
22152
78040
-87
92781
73303
62635
80018
1192
99673
-72501
-54334
-38059
37207
-17869
-1587
-24777
3495
-7737
-78352
-67201
-57089
-86483
-9890
-63354
-55450
-78621
-23730
68323
24908
55644
-26518
-14207
21469
15804
38032
-23694
-67251
57359
-76383
93454
-31418
-72636
-44999
38159
-73292
74795
79938
-30833
-22492
-32285
-36462
-55714
-96703
-74574
78506
-93104
46314
-44802
-72288
-51521
-21868
4260
-10958
4089
-24328
30251
-99381
71160
-40592
-38956
-72963
49065
-91201
20532
32918
-57221
-52157
-94821
-17477
-23939
-32628
-21901
-27918
2007
-89913
-76092
-58298
-43992
33571
-67126
4720
-39582
-11069
-53994
11193
55821
-7924
2129
28922
-41193
51722
39835
-31620
85771
56792
-25209
85107
38309
-47339
51723
56849
-86024
87781
-35695
-86858
-62316
-51847
-20267
33852
39338
60454
-53555
91217
-85290
44873
-92723
79588
92996
-86074
-36174
83067
94032
92162
-99007
-42251
-22744
90381
69277
-45420
17951
95292
-29744
-83390
-67808
27281
69202
57607
-28705
67347
3228
12633
57721
-70416
70594
-69752
59705
-18232
8797
18440
-81328
-12074
-16726
-24399
-48343
54908
49533
-26702
-9392
16614
-72865
-32382
56538
6822
-9890
-10801
88974
-55325
55882
21398
10144
-5299
-71121
10036
88189
-14800
95800
-53883
80695
80056
-88015
-93989
-44343
-34424
-27206
-30888
33814
61241
74069
-16283
-9602
-87809
-17307
-42516
20507
-90004
98465
48489
-26986
75576
41662
-64893
87222
36530
27296
-89002
32355
-56709
46782
-60207
-68636
73863
43532
16768
-66982
-68153
7674
-7403
-72415
-4081
84833
-11601
51789
-28937
-48339
-62541
30223
-82130
39990
56965
-88625
43120
67904
-79123
-46065
-80666
-90085
88423
12232
10989
-64810
78846
-17774
8181
73155
-64771
6460
-50674
-94402
-92586
22927
12411
32726
91265
-80642
-89965
-87457
-86836
53879
-87517
-33014
-34809
-6471
55698
62193
-11971
99624
-22685
68212
50129
-73046
-53525
-11451
82264
-49865
9048
81338
-77305
35397
-25344
24225
-60941
-878
-95877
18616
-24854
68351
90969
27161
73394
-93766
87385
-55078
-71957
24859
45869
84540
88692
61202
272
-90015
27296
-46410
1073
2884
71524
-85863
-76734
13861
-40626
-62750
-64529
-3491
46921
52494
29408
-50332
78001
96410
79857
-99439
-54289
-63444
-36168
-77352
-32864
22777
49294
80003
51218
17694
43227
28196
-20162
20207
19706
-1849
57449
-75944
-92880
-60200
74026
-34697
29718
-58519
-1145
15430
10426
23799
38005
-1249
94002
42511
-34893
-85749
-41556
85682
-2525
-21109
-40646
-15136
-13558
88471
21700
62101
-45726
-24997
80666
-3311
38465
-84538
87090
-66318
-9774
36820
44530
49809
-49050
79894
16138
58123
53950
52131
-85833
-83035
-26873
36817
-28725
91957
-80178
-36102
-46232
-60968
70757
-44292
61175
-66368
-55791
20586
-42503
-80574
-3995
1394
27502
-11996
-50118
-55735
-27077
-26525
25957
19606
-46037
99332
99255
97371
-46202
-88814
-73344
69952
73357
58844
-12022
16665
52409
42758
2928
-93580
-21099
-4585
-73772
69211
25420
-79055
11995
95492
26187
81925
9275
83845
72278
67817
9398
97645
-69526
99372
48700
52475
-24230
52007
-56125
60468
-19827
70999
93374
14166
-89659
10791
-12950
46361
78356
59558
-61367
-97273
32634
-71340
48736
-44439
81779
10806
-97084
-22245
-20998
-97165
97922
-49511
-49873
45003
-66834
5640
-13287
-93965
54378
-55611
27594
64956
-32625
53650
-85189
-76278
50440
-36345
48356
27426
-10565
-3695
-13075
-84451
18502
46216
-46642
89512
87319
-32748
37514
71039
-4585
-21736
-56247
-15162
13848
96626
96982
7342
78914
-28165
-23156
13021
-67557
-47191
16839
-60351
685
-767
-49983
-42953
52038
26008
18514
-88811
-32800
25653
-65433
38711
-16200
-77675
358
17494
-83686
-1186
-40180
54001
-96501
17302
53364
-87780
70024
99930
-50187
-19691
-8269
-26469
-55523
28288
-24888
-26995
-6082
41233
90243
80315
76628
-83800
53404
-29621
-66983
94398
-10124
19635
-83990
-41406
-77507
79244
-32591
5942
24616
-14461
-33898
-74446
60004
-89885
-9129
-59117
19626
-91869
-50741
-79151
22282
-66403
45067
-73995
-81144
28517
-94118
40650
45952
-21701
78765
-35274
84801
20137
43074
-89968
-20809
-85437
-64452
-54532
24274
-13406
-65426
40240
-61080
-8139
-92480
14578
-92254
47194
-61761
22681
81332
92350
14461
-55793
10325
91580
-91782
73718
69246
-42196
-58348
25501
-42363
-4247
76364
-30932
-39351
-18333
-39933
-35697
-36409
12370
70603
-81881
-40328
63873
-174
93083
-13207
-86076
15256
-76681
-42594
89714
-40234
-62537
-6526
-71249
51095
89113
-34572
-95907
64292
-42062
-56451
14345
-87697
-41740
53862
73442
-73416
-40736
35372
94781
79506
17811
10129
-67285
-30396
24522
37361
16524
72196
32593
-34921
81316
24536
53407
-73691
-16109
88601
88517
-6683
28897
6955
-15113
90412
-89130
32267
-19602
73134
79970
92548
-19827
18360
3473
35671
94152
85329
-21572
-40291
-3759
-76517
-1373
5925
-15216
50978
11829
9280
37813
25358
19401
47592
-89674
85600
39741
69407
-77633
14713
49020
59818
-17979
84386
-98368
-99712
-8399
-91950
-64295
-23343
-69111
42841
-52401
50887
-65895
-55552
-65947
62356
96162
61667
-11951
-94783
-5299
18721
84821
-35905
-4072
-50311
-18199
35640
-40981
-19907
71979
-73194
-42901
53905
-55694
14371
73273
67275
-44347
55378
-11639
-32381
47957
-70265
-4852
6012
78418
-12613
27321
-77945
60686
8734
28653
79425
1926
31951
70297
-70964
64493
7601
-74983
32967
49060
-13209
23829
9212
29899
-87714
9986
496
-69473
-69318
-98913
-80239
95114
76388
-97778
-95442
26389
-5007
-67169
-7887
-81133
-64047
-95370
-25807
82127
66465
33472
-90180
89300
6774
81866
56757
38553
-94661
-74315
91066
-2150
-49126
-99476
-47264
-55820
-79378
75459
-66829
-35431
-43396
-70435
85973
47087
7445
82658
59161
88347
-7784
87470
27298
90610
41936
-12915
27858
20948
-65433
-38044
-42604
-24338
85565
-24570
8115
-95338
20693
-87440
76993
-9521
-76430
48882
15984
93828
-73967
29576
-78714
36636
37160
-71321
20956
-54738
86478
69343
-47605
3194
9177
95847
-593
53744
50508
40458
-77804
78035
87804
20992
-82733
-60944
-33305
2103
-14097
-95900
46688
70671
53204
15885
64616
36975
58027
89469
-1011
57054
96632
30613
65365
-66565
18378
64257
56857
41738
77972
62645
7120
75474
-32661
13305
-5587
-88893
-83113
-88407
14804
73258
61428
82376
18831
68500
2099
89551
-14051
35267
-62136
84408
707
67757
-73616
92247
-80104
25037
-50148
50534
92280
-59365
-26014
-82766
-65871
-73939
22086
-43678
10299
-49453
68432
-10162
98915
-64167
18935
-42240
-83812
-36962
63268
-62185
92623
6013
-84536
-10309
-40079
-48886
-37529
-27118
33177
-80562
24084
76171
-59714
43338
71384
92835
45521
61968
-99396
-87592
23992
94559
69711
-7210
-16425
20969
32716
-76347
88807
55114
83055
37296
23076
12379
167
25498
-77380
-21963
74764
79084
5922
31288
60675
-44234
95271
91590
25720
-18631
-74553
-36750
76500
-23371
-17313
41174
34390
-87999
89499
-78026
-12755
76092
88125
955
-38267
-563
-53762
20529
-20998
22237
-95554
82782
-19220
-58761
-46780
-64354
40008
8177
7245
-48036
80882
4779
19037
-48303
15314
13687
57464
31663
-2801
-13794
-71701
66555
88883
58571
-76723
-98002
98506
22543
8797
-15584
4481
-26069
29492
87559
40874
-20012
35879
70362
-5406
98153
80499
53051
80031
-89533
-51717
57266
58161
-28182
-4350
57083
69025
76183
27251
72856
-46674
-60521
-7596
93291
-31626
-14328
-59958
42136
-82989
87894
-61299
27388
-55984
-76292
-41063
-92045
87544
92134
-48506
-35359
45961
-65763
-52377
11392
11725
-35832
74555
-18020
-17403
73935
78418
44068
83973
25974
-54750
81456
-56090
-52638
78935
-87255
39064
37623
-65662
-29810
-2140
10061
-78509
-2114
27631
-45596
-69420
10198
62770
-592
-44405
82624
32841
-49400
97916
40386
-8965
-14843
-24922
-73613
99453
-44515
87470
-80460
-23331
-56302
70560
-59118
-39609
88798
-30788
5088
-34748
72837
12581
31651
-57636
-18227
-31582
-70184
-95243
37041
79455
16299
10214
81722
-64344
27966
-19894
2096
-21660
3151
-81481
17724
15412
86492
-14091
-44225
18845
-69619
27175
-76766
97498
90039
-48002
66422
-34315
-27819
48473
56362
57212
16899
-55721
61589
94401
46231
-71875
35047
-75052
61805
94246
-75432
37772
398
-75755
59239
-29952
-74168
-71384
35729
32857
-29002
-50548
76644
-4230
-79273
20092
-79582
20074
-84664
-68884
-3537
-43065
98557
-14388
30382
63685
37673
-77607
218
-37181
-23224
-83091
37596
85401
-10757
-68938
43038
-5483
-78637
63140
77535
-39357
-3970
92119
-71989
9832
-41225
-58162
86576
85786
-8008
-23760
-3725
31286
17511
89305
25270
57209
-1666
-67746
-44380
75591
-1089
2473
-99215
-79979
94410
91844
75511
16261
44121
-89551
-94574
80298
-88240
30813
52645
2251
-85326
-69538
-50174
84455
-52244
59750
50332
51717
40858
92618
-17109
5277
95044
-40427
-28165
59039
-81822
-97456
94115
37406
47571
73060
46532
43145
15664
-47719
45567
71281
69001
39972
86100
-21587
-8165
2262
89039
-49452
-86518
97576
76536
-4727
85239
11178
68821
63672
-505
-76070
-45157
-11422
-76168
-11750
89547
29324
14706
37578
-68155
40446
63912
-79384
-64164
-37727
48682
58503
-70610
50818
68788
90487
59032
21157
50660
-57815
-25025
-10406
72586
26741
41276
21155
-95342
-24495
-5909
-67647
58748
74493
95208
12223
-52495
71873
-70833
-31299
-11814
47053
-12028
-33239
-5730
-95159
-75679
-76021
-53682
-27984
-1161
39824
78426
74504
26470
34182
39215
34431
-84796
68644
78358
-99579
-59547
85929
76163
77244
8387
93173
-68147
41210
-17218
-65407
26470
-82659
63233
-21710
-98418
-16890
36562
25513
-78391
-22150
46536
38143
-18706
94903
90788
28315
40769
85734
85831
77443
74186
39209
29651
51422
-77093
-1467
-14019
63780
-56026
15827
17783
585
-87797
-60720
-44128
-98632
91148
44611
94418
71507
-97033
-3164
-8489
1977
99669
-32869
-71191
-61320
18669
-31752
14374
-15566
-95017
26158
-73040
-32002
82184
-79778
34537
-53631
22796
84096
-44310
96379
72898
43223
-40220
-12721
-65708
-91956
-74600
7023
-95837
31428
-67948
83677
30674
-93049
69336
68997
-3872
-60124
78293
75636
87472
83425
-11115
-85355
-48417
-55250
51586
25246
96446
42546
-35005
68523
87214
17195
61335
31995
11173
81310
44157
92619
22235
81346
-80220
-33957
19399
-83620
-43081
71789
-39904
-64005
4618
62607
6858
-15748
-60550
72662
20144
-3025
47256
17435
11714
8552
50126
454
74225
-63320
18657
47351
-73710
-41747
61357
60243
-83162
-44526
-71132
88936
-56547
73278
-56636
30339
-51372
90476
-13158
-68610
-41397
-41109
97757
14488
12154
-13777
24283
-68484
-41574
-31274
-53378
-11730
38273
83699
18783
-61522
97529
-41278
-96199
8464
80098
-32201
-65775
34790
94589
-67028
82774
-91583
65387
-8872
89290
-33804
57480
47655
-74598
10887
21149
42097
39042
58898
14342
81031
68004
32704
-61615
28665
35327
58042
-919
-81329
-71556
62410
-90958
90064
63123
50690
-87042
-86532
-75652
9458
24731
76945
38899
-49742
41958
-72395
-53201
-6006
12261
95823
28704
-97262
-97886
-58829
-22735
19142
85001
-70748
-60829
29019
28592
27980
-18621
31433
29585
27025
61859
-60465
86088
3003
-18342
64102
59249
-75824
5703
70556
38405
-98861
-99595
1537
90922
46923
43405
30783
61735
58917
-48335
-93002
20849
-56577
9030
22007
-6585
-49713
-99957
67500
90423
-49090
-3580
76184
-56495
-49041
66962
-83490
-7006
-13336
90322
82235
35260
40563
-47180
-24684
72396
6803
77047
70629
28398
37032
-34977
90959
-41749
95191
21446
-85327
-33900
-96959
53886
-12286
7929
62902
89903
15672
62075
-38903
67217
52254
-3671
43377
62046
-45328
44463
70774
-57222
-81024
-81038
9372
-96223
-21656
39456
31027
77794
91593
85063
-65118
99532
32877
2803
77896
-23880
20453
60445
-7681
78132
6614
-14791
-57489
30636
-74023
97970
78708
7266
55444
46639
91390
47642
-40211
-61097
62939
98403
85406
-11466
71658
83484
-83487
-92337
-30244
-53551
-16931
-78797
55240
40275
-28121
62424
45496
-12001
-67956
-49542
62709
-68585
56853
78681
-8413
77606
42724
-84257
89190
76251
8968
-17622
20595
-52895
-35888
-29747
15404
-74700
5904
-2590
72710
76063
17612
-53003
-91532
29442
-62555
35912
-25237
-67451
-88261
38441
-77765
-98126
-70020
43416
-96818
-91271
54379
-85589
60069
-16547
74131
-58291
39324
-30608
-76585
-15389
-40395
-89860
-65443
-54704
74583
-87062
-56979
-57447
96247
-19145
17938
98908
-47654
69052
45538
-64620
-30666
-4373
39646
-95115
-23011
-72555
93801
7444
90311
8233
-38421
-50176
60316
24843
21086
-76894
69383
99061
83485
-16772
-92617
-27615
-7695
-24625
10124
-3689
44652
53769
16747
44725
-84041
20661
-88376
23635
-11582
-27921
48707
-92480
55656
-93976
68898
93151
53378
68099
43555
22965
-43489
-33891
-88369
38054
-40239
-78311
16563
-18217
-57959
86886
-86204
84357
95787
49349
69253
6670
-97409
12371
-3335
5318
37750
-95394
-745
44244
-82157
73918
2322
-79986
-17993
86754
-11510
-23272
50350
-2104
29616
-38805
-67765
-1514
-60033
85350
-57377
86909
60681
-31877
28275
-15417
51296
-26899
-41094
48900
-6480
-35814
739
-97975
-60944
95874
93414
-79314
8623
-5955
58432
-53693
93138
32694
95645
84158
57343
30588
3002
94330
93752
88673
-88861
-51724
8834
38277
-46101
-53240
25499
37173
89236
84398
46818
-87977
-71495
77899
37422
-78068
60308
10194
57769
29579
-3717
-21780
96002
81946
54925
-93140
-60508
-68765
-40442
90802
-56443
73670
95823
-94299
-61439
82908
-31637
-16236
71351
-14974
20443
2206
-4193
-14643
-80090
99871
-63103
86581
-52717
23406
-87943
-7357
-72844
-97280
-74481
75503
-32054
79050
13665
-37213
78519
59593
-62936
56902
-41135
-34739
67535
29003
79018
-5931
-84656
49831
40542
77876
24275
-35185
-689
33445
-39999
-29807
-20719
-59481
-40199
-34434
-53349
13207
6224
26707
-27293
79988
-65347
71998
-49718
13446
98316
-11293
-9027
34307
48549
-63837
70582
37226
29893
39692
-64054
97037
-86357
51864
46120
39111
-40223
54029
59851
-41236
-92224
53868
-90450
-14833
-39156
24340
-5811
-39456
34646
2585
97479
18361
75693
-56720
-11465
44520
-68114
73021
-37113
74082
85239
81769
37895
-99470
-71127
-78835
-50190
-92213
-38748
81921
-71610
-3344
76068
60531
49181
5397
1869
86216
-63003
20441
-79088
2181
-44474
37851
75311
-79220
59338
-68869
-90244
-83704
24879
-74530
-13970
31045
80750
78164
-88523
61313
-3223
94685
-64615
33828
-79388
-33373
-60551
1697
85572
-79675
95303
22818
-59433
21256
-93966
-26717
-59666
24497
-15794
56962
20306
28753
3046
-77392
-58841
87028
60526
89346
14837
86012
-7502
6316
53704
-74057
65452
68829
-47178
65297
100000
59384
-25420
-93192
69573
24436
-69502
82279
87824
-29765
73082
88119
47139
-77840
-17434
87203
95029
64705
-71602
30649
52776
-40509
-74749
25289
5790
20157
-38704
34565
-66720
-69581
-29899
-38890
-76446
-78979
55876
-48856
-3695
5161
-84944
57135
-70363
-49735
-97194
-410
-44234
33546
58083
-66874
6213
66027
-78874
24255
-91078
65691
-13754
-52023
19423
-56434
90235
9248
-78561
1123
71028
-15940
26643
98258
-4269
64010
89632
86541
-66240
-15426
63632
-9288
18748
-30566
66734
3225
-49370
-51751
-96518
-37260
78532
88634
-93624
47377
-24506
58284
21244
-10452
32406
-62577
-10277
-91261
14525
72672
-98974
84436
13061
-95226
81963
-4611
17440
78640
46452
-83043
-32197
13687
-55574
61350
-42742
81231
-88569
-80165
-41334
-65861
35625
4903
32241
55771
-13051
83580
50906
-95160
-72180
-51454
-85644
1488
-55641
-41991
-47666
35080
67190
17446
34604
-39517
76502
19633
-62122
-95809
56937
78939
-1785
58918
-43255
-50033
70426
-3124
2179
70208
38217
-90469
14706
-29790
-78875
-88607
54092
98633
46255
-89384
36067
52767
1387
-94586
-19561
84201
6611
-74242
-13525
-22803
83964
-52423
59349
88255
97627
40227
-965
-29717
-61469
-19143
94577
48261
-14863
-60970
-91094
97347
-31407
-88815
-72696
21123
95117
62104
-98059
-962
34834
-65430
-71458
84852
25155
-26688
39745
24686
-24024
-79222
-20924
-63918
74913
-197
38576
-88
45208
-79694
-45660
-91821
-37045
86055
-77010
-32653
7479
-62865
35917
-55135
-84665
47461
4173
51673
16583
-70658
15865
-28838
93487
13189
-86098
248
-36205
92768
45259
-96877
-27834
19731
20862
34602
2942
32372
57904
26522
78887
98181
-82760
59599
78683
-2268
52071
-45262
-44678
10868
-79759
3182
-19789
67763
81276
-77938
-46148
20112
34249
-93930
-66307
-93209
-79837
-52217
62901
75534
-8052
-32722
-523
92056
-41233
39255
-6504
5444
59673
-43627
38487
-64015
-20761
73690
-83626
59131
-45056
-89162
-72674
-92077
49233
-42653
44156
-14350
-63343
-71692
5842
17510
19943
-3978
-44979
-68836
-87246
-99950
-20949
25879
-14705
-63257
60225
47733
60576
-67560
88203
38423
-43354
-97123
47944
38471
-68059
93025
94663
-83952
-3448
-85390
31808
74392
21990
36414
-50562
-41833
58521
-36034
-39841
-96820
67706
-90951
-33568
74449
37050
-95648
-5404
46807
54524
49061
20013
30001
-69264
51735
44664
22831
-19733
-2383
22193
23381
-92085
15865
79694
13727
-81401
-91483
-42817
-81626
20086
-57572
-7603
-85917
58192
-52108
-3009
87821
22719
-354
-4385
-54705
-48705
-70391
68381
69652
-36280
26245
17064
41677
87334
56177
-90475
-67851
75434
79646
1207
49250
70830
22936
-17887
-31429
-24175
-66834
-30880
62731
22482
26297
10938
2277
82517
33356
-4002
87294
58236
-28527
98876
57288
62156
-94238
89696
-1164
70309
-73396
75313
70084
13853
-9575
-42644
53621
24915
-23135
-76078
-79426
-42040
-77763
-16308
20821
-13428
95257
-23132
34813
64487
-17581
12140
-63000
84036
-16613
-15935
-45365
-51282
-39139
-56783
53722
-74078
88685
25726
-38826
-59109
28330
-41242
89966
45312
31453
20003
87429
19207
26535
76901
42263
-87175
82869
83877
-16265
52736
-98209
82087
-33053
-24511
49704
3354
-21252
68119
-22080
-91731
80544
88508
-51194
-65988
28012
67017
44858
91262
-69189
50058
-34839
16762
-5426
-59926
38920
-46334
-80812
15978
-9603
91241
35821
-54979
11844
31805
88530
-175
-79569
3187
26190
-72378
-24190
54182
32426
-38672
35306
-43942
-20609
92196
81781
-80717
-45932
85383
78512
-49553
70224
67076
-2986
-21474
42768
37637
44158
-38210
88780
-60615
66889
54393
-38300
92060
-512
3714
93487
70636
-71720
52986
63432
-16909
-70489
-23769
-83383
-31280
-47675
-35022
76712
75998
-86450
75944
-46360
2002
63823
28509
95523
28542
28269
-799
-29185
-48303
97736
54440
39359
-23447
63248
-42508
-88511
-67184
-60303
-81518
-36853
13931
-99272
-52053
92348
31465
65992
-55708
65042
39006
64840
-23751
1301
71319
-58576
26458
-57857
-18688
77876
-8099
54972
-4936
90812
84833
77735
-84508
-25277
-47407
46217
-76958
-3901
-78432
-40906
-77803
22912
21307
18460
9550
54759
68557
24299
-87670
42267
31698
37790
-71814
52179
48156
-86728
-88866
33019
41382
-80062
-2511
-95470
-58766
23753
90361
85282
-38769
-37873
22108
-28117
-79400
15679
42512
34324
-31872
68858
-11460
36832
74947
-16989
-93509
33366
-33518
53429
-37667
-68585
7320
74222
-3780
-22958
90677
-27343
68099
29853
-98049
-58746
38403
41095
61672
-23118
8096
-92627
-41456
-39184
-87896
-409
83753
-79396
-4817
-88985
93452
69500
11639
66929
6900
-13735
-90464
-7604
73373
66040
25763
-73383
57844
93232
-956
61345
60967
-5533
-57742
19142
-44589
-17796
-78470
-20797
14919
834
1147
91888
-68533
-36852
38793
-98302
-76773
26653
-94683
-19354
29669
-67976
-23929
-14238
-535
1431
86457
59431
53661
-67887
-65741
37498
59612
886
-7961
46675
21443
18992
-19881
13529
75969
-37588
-67853
-55252
-40904
-87563
-31632
51706
-26975
-37453
28141
14599
-3796
-59030
50979
16677
43978
-19816
48092
-22883
79051
-99232
19381
-87926
-6641
-53811
93927
-92947
-15200
-87301
-95683
-24170
-98051
-33689
-16867
35742
19805
82971
23895
-64133
16088
25685
-43597
65347
21547
-53271
49673
-73222
-16767
16571
19513
85925
-35367
69913
-26313
44717
-78319
30980
35083
-45543
62805
88610
56840
25053
80057
78531
97455
-3461
28582
-74132
74043
-20611
-67755
13866
98215
-8066
41230
-82314
9207
-30878
-65748
-27261
88685
-1063
67139
54194
96799
8227
-6178
-17882
-14865
82420
50985
-32019
97145
-80515
-32464
-42414
49726
-74212
-73212
-65250
-45208
-31046
-53316
-45023
57976
54577
-76258
-73334
-74654
61528
64999
-45432
33861
70145
-90169
-20212
-16864
-86725
63147
72978
-60293
92875
-84928
-76456
-91858
-55535
4133
-78876
-10517
-97882
-24330
10364
-42138
92153
-83946
93983
-25318
76079
65980
86385
-47872
53362
6229
36525
-58205
-88863
-29529
-34223
-23890
-52153
-27968
-32288
92974
-30371
-92548
-68524
-72336
-38107
89760
-69962
30055
36828
23435
-14484
20557
32492
-67273
6983
-55749
-46023
-89569
75603
-30108
41024
-50035
-61323
-64482
-12919
17891
79077
-77888
-41332
34259
-51254
84639
-56343
-93553
34410
40571
-52741
-62944
70305
51881
29639
16813
83980
46522
78715
-54598
37334
60746
40796
15148
-64581
-29468
82827
36663
-98960
92901
63908
57195
14473
15832
38808
-9022
83919
73157
65046
76197
71893
-12605
16345
90502
3189
-62568
25265
25288
-90197
-34327
-23715
30932
15638
-84055
52961
53822
13387
12284
-45495
-55801
-43946
92011
-17662
-95062
-6317
42207
41940
-68779
-20041
-4223
-47317
56070
-55614
86360
-85522
-17378
7109
17324
-37621
64031
-62616
29789
66767
-54456
75650
-75281
1076
26606
89376
64167
40158
-46780
-31441
78101
14102
-96160
-71432
20910
-1954
80144
67289
-49720
66369
40299
-53087
-4186
-5378
-2948
68250
7259
-57983
-58331
92931
-97879
-56496
-75884
14322
-89779
410
26494
83781
-87620
-91019
-20283
94238
-61795
4686
19006
19959
51839
71702
63777
48011
51706
82700
-66771
32729
31754
80897
-26558
69173
-40817
27713
97717
8683
-40524
33769
9032
-10128
12615
96043
-32253
99772
36687
16882
78377
-62643
11587
-6960
72562
-56814
87942
-68497
45794
-19911
14635
16719
-25929
21558
-40172
76317
-47918
77272
-26128
-77801
-61766
13333
-52397
61208
5026
35992
-81762
-96682
-53408
28299
-5417
60278
12363
-31593
32811
-59268
8951
-10571
492
94709
-24993
-63740
51257
-50648
34514
-26210
15701
32601
-86119
31941
-59877
-24635
78738
6810
-30111
1508
-16211
-93765
-17008
4457
49622
5989
-37501
77086
81278
-29908
-78111
37229
72440
60675
-86118
-7351
-91678
-20480
-73777
-64549
59819
82835
41466
3898
-95705
-43189
-95174
-13420
5390
-87715
-86056
67891
51438
9701
80666
96579
10341
68885
70764
76651
73766
77854
-90815
-29593
79439
-4478
-23522
-1215
11767
-60171
28128
13067
87579
-59142
83287
27523
-96217
98358
24006
53785
91432
-82749
-59503
-70541
-4768
-47211
-96663
75676
-51772
64462
-84583
29162
19023
-77268
4958
-83368
-15542
96874
75534
-74349
46115
-54090
-28429
66228
-76453
-71436
-86253
-45227
87908
-49685
72636
81240
53416
-35029
-31008
20031
-66293
-15674
99222
29607
-93247
95632
-20296
15966
-61574
61591
14960
5461
-16039
95919
49514
-29455
-48064
85292
-96699
-30755
64895
-94039
-89315
10953
17931
713
39893
2968
59398
75441
58711
77565
-55466
-9922
-83681
59180
-6901
-12367
8653
34966
74942
45938
42688
-82784
88954
93975
-98961
43788
25215
-61279
-53391
-75449
-85979
70400
96250
-42464
-55799
7719
96993
97472
-54833
-59170
-76414
55061
-47205
-81140
23529
92914
-53979
36390
30553
83928
-24915
78490
-47633
37456
-14445
35393
-76405
-5377
42901
-80606
76492
32116
23791
-87901
-59280
-73583
-55723
-96769
1617
27128
61629
-43843
98060
46327
90197
-7841
50051
-67931
-91484
-80945
-49688
-59418
28731
-15
11137
-73544
3369
-1959
-30026
-98301
42051
48788
-90720
51038
29642
-67797
57276
63426
66062
6977
57557
97550
-56676
-593
-3997
-2260
-71673
-63416
36924
59326
-11767
-86813
-75126
38112
-1214
16130
-96310
24176
-13862
-14076
-75188
64211
14567
52364
10688
-50008
-49271
6008
75071
71401
43104
-36178
50887
55218
85053
-55124
-10212
-20583
90164
85625
22999
-45105
-1699
98689
42206
-77893
64324
82873
-13893
39524
-12265
-22521
-49982
80644
88133
49024
-36875
48513
67848
50471
56137
-95972
70181
-26282
-67238
96589
-61577
36213
-92403
62384
67033
52159
-61362
-64565
-39254
4242
-58083
29120
-11593
-69008
-59396
-11326
65151
66905
62324
-21085
-39608
-78154
-41805
50757
-99216
90621
-14600
-50393
-36936
71142
-52239
49715
64994
-27206
17290
20803
68517
-69698
-79778
95979
-17011
-67559
-84236
-63256
20313
24457
-33392
-12073
32377
-13491
27229
-38928
-88878
-96397
-62623
33671
-1001
72361
-36028
-38052
-88136
84515
-41142
14593
70625
78190
-52364
-35017
-1476
-13517
-60025
54751
-85426
-21811
-24271
77832
10813
-5981
-22516
50204
49605
-90799
95719
-47884
-30348
32293
19343
40781
16784
-57518
-90351
27498
17623
-6038
34925
31108
-84900
-56954
-89359
87552
-58715
8682
88244
-39249
74794
42406
5435
23156
77858
55188
52003
-58993
-82119
94671
-11721
67628
52805
58970
48299
-71162
-26027
-42396
74270
38274
-44747
-45365
-12659
-56318
-73832
14881
-31989
-91485
86596
-418
61573
53051
-63225
-81874
-38298
14129
-41298
30407
-77064
-52542
-33230
40191
69786
-46577
84017
-14842
19349
18334
-53176
-49606
23124
-16108
43917
-93137
-87747
32773
39593
-63835
25441
-22622
3879
-34406
57881
-88093
83798
22336
-86891
122
-6723
-88117
-22412
4037
-23532
22901
-68552
-4580
69408
-28819
69288
88269
37927
39132
-81530
24845
15225
-28622
-33430
-10187
-9804
94485
70108
-95609
38167
93207
24860
59305
53938
-19351
18930
90475
77598
-84606
-97595
-20357
-86758
5778
57586
5828
27140
97560
-12523
30189
64081
13201
-30556
-57998
-26283
24983
-33375
-83972
-92297
46245
92929
-84806
-73412
-75016
-58718
90131
47806
86881
67183
-79080
53608
97916
49295
-42022
-63730
52955
50553
56191
39349
90694
-36735
-68150
-33964
-47551
-75402
57570
4248
-79739
-82009
-60562
-29327
-85943
74
36909
10706
-46489
-71208
14975
9804
-84050
99903
92314
-3362
-89036
41888
15431
84277
-53257
21076
86565
34667
32044
-97438
98204
-61293
88890
77734
35174
-18067
-24097
72979
-78226
-63967
34972
-56210
-90928
97923
15486
-51169
81995
83674
-77165
-6250
-48299
45490
-45797
-69647
-26527
-24970
-43680
-26160
7705
-67027
43676
36934
32078
-62378
-25698
71733
-38645
-48067
55457
-35508
78254
-46576
-29386
-67836
42112
-88708
-62797
-65019
98154
68639
91758
-27649
-6097
76946
-92641
10338
10760
-85257
26029
7947
-10805
-8455
-47858
44243
37261
94932
-63612
-49126
2361
-25303
86795
-24849
-9354
-23637
49782
83785
67580
-96630
-89261
-54435
26070
-4057
42492
-39069
-43808
-92169
-92496
92779
43527
54347
1482
51449
53528
-23885
-27750
-18210
-83635
47514
-5844
42759
78931
-98694
-38081
63468
-31815
9110
-34818
79001
19493
50631
26476
23796
81217
35214
87459
85948
-54780
76508
6036
29994
16831
13239
-13878
-40503
-7304
93577
96540
68910
-17842
30805
66504
-15073
59757
-1271
55768
-32601
74128
40827
51950
-25093
-10844
-41188
59412
56670
-5707
27853
71755
-19187
-21284
-5373
-87268
-41377
96885
-84349
62763
-26871
-39914
91876
-51797
-4522
-68698
85115
58974
-86737
20313
-83781
25930
-83691
-4126
58271
16473
46980
-5972
97111
-8854
-31474
-98706
61167
88114
-57282
87950
63234
39760
92840
-39368
62476
84431
37320
74656
29989
67594
59597
17170
7186
95813
-66179
23027
92782
37534
34041
-92533
-34936
13015
-56714
88181
-94162
49769
-73145
40317
-59903
74472
-70146
-75804
-8717
49344
1433
72220
62333
-73431
-99292
-45910
-88459
-43797
-46173
-98388
33316
-54294
-62742
-91581
51751
-72538
-7154
-93405
7393
53192
-55818
-34427
-91401
-51580
-26453
69997
-27148
-33636
-98734
43941
-55938
-35277
24926
26777
-25069
-66709
-91869
27585
50174
56999
-40437
30039
-97593
-63397
90289
32631
56227
-44020
-62212
19947
-34507
14096
-52667
85743
-4126
30375
38160
73648
-17539
-2952
-4672
-40030
90152
-92974
52162
-64195
72655
60224
-17225
-63284
67806
-68846
4821
-92877
37414
84322
82002
90684
-69675
-43310
-74524
31062
65318
-24204
3268
-92485
97367
80954
-14501
50172
-44866
-8030
54062
-60846
-81015
75338
-33666
-2694
-76075
-87207
-50351
55426
-21293
70974
39534
10833
-39503
-10815
-86569
7312
-7473
3754
-56135
-78223
60579
-22194
91293
-30256
-5091
-16599
23395
-5714
67833
-20629
8562
78625
-14193
-12756
-75617
36364
27097
-32152
44101
48632
-58299
26918
-19054
-94406
80880
-61996
-99191
85072
-14119
-99635
94106
92388
-66
-81817
-26372
-54027
47842
99803
39849
50255
34169
-87464
-86713
-35577
98029
33689
-51630
57068
-19267
90326
53968
-43216
52878
3367
-64235
77666
-23267
-943
71811
79639
-54938
64960
-61861
14651
-9811
-6935
-96346
3875
17436
41614
94965
11026
42360
8943
33864
70136
-43856
79661
62415
25317
-67080
3108
13366
23160
99511
-2400
87936
-38708
69291
-32399
66253
-27445
659
35170
96463
-76439
51664
80871
28749
-37370
66151
-16918
-29895
1735
-63599
-88025
80987
74549
19240
35958
-62854
-34236
-36936
52889
69534
68828
-65083
-60809
-94713
48614
25112
-50867
-90763
-84922
-83777
39911
75075
-46388
70734
-99192
91712
-21227
-19252
10084
-22742
54268
64097
-30424
-65920
-64977
61614
83437
39107
67810
-88308
-12234
13150
-81685
79511
52883
53694
-57693
-89461
83782
-98295
-89734
-24536
36344
-71279
87052
25486
-70190
-62632
8638
-57024
35219
-35057
-27985
37940
58245
-13149
67884
-72242
16488
-45824
59549
-62293
23591
23378
-49113
-27930
-96123
-92572
1673
-26542
45384
-77552
72327
-9753
-71394
37163
-74936
90267
-29861
72706
44662
20895
-86802
71333
-28636
91590
-14553
-92643
39393
41869
79843
-10934
41260
-270
38908
-8146
64209
-7310
55215
91569
-34758
85258
-37795
-25357
42972
-64474
-83929
70634
-42109
28878
-77531
19848
-22228
7118
35170
-58923
98743
-75066
83573
91334
-7157
-54780
92865
-57195
42604
-96408
93039
29214
-48606
37334
-43864
-58088
30020
17582
-83735
67567
28575
-29340
-85956
-86552
56223
-28087
90324
65864
191
-36532
21247
91974
-96665
-53428
-27139
61247
-41714
83128
-67683
-60255
-17803
-91141
51601
-28464
-96280
13179
8817
-15101
4062
-65421
25598
43245
11057
56155
47111
-52731
-68822
-53660
-15875
-84121
36934
64854
18370
72207
99454
34459
-62269
-6799
-29260
-98097
-29955
-94554
79408
-27504
68612
-55680
14309
-94733
-11179
65559
20688
-75742
65993
21693
-86708
-18177
41793
79373
23533
-92231
46806
82130
-64138
-12786
59061
92971
-60356
-45888
13893
-35349
26636
-96443
39424
-28740
26401
66603
92446
-61305
7189
-81233
78243
21991
66088
-67721
-86184
-75806
42686
-65293
27924
32353
79520
-25996
92670
53079
-78088
85263
-86844
2744
-76890
-23359
-47543
69235
83996
-87881
-25727
-66940
86859
-35836
-70525
-72880
-25839
-47824
-49819
64977
23490
-49457
-81418
-91862
69821
28697
29984
92798
-98710
55748
89098
44895
47500
-14008
95917
75243
-80752
-67176
85663
-40450
75384
-41484
76591
16038
11856
-93443
77953
-69246
-78067
-94357
23697
36443
37006
84199
5313
70173
27224
11432
15016
65844
-61157
37040
-37531
26860
74919
46511
-62584
-2703
67602
19789
67529
-44763
-58304
36896
27212
-72473
-87775
-9919
-99656
-99153
-79195
5345
-42749
19090
-56819
1821
62674
83983
98244
14993
64895
-34090
73587
-95665
-17670
-87961
-31266
23227
-22303
-17518
16024
-79545
65286
12219
-45061
63890
-91646
78718
-54359
-57065
-83391
-13993
89183
-35098
-22903
76630
63700
95842
53216
42996
-69079
55774
55883
-28980
-88811
-67926
-6822
-61570
-89419
99323
24702
-60157
-12786
95767
-82627
-30948
-54961
29930
-22907
-52680
93617
29557
-89917
-74229
54850
27243
6418
17103
61557
95116
77069
-53364
74655
5775
-81021
-61141
-43627
-45957
-43253
-42199
94168
51483
-40300
6817
-78757
-25627
15760
-9798
93186
-52511
19739
-79048
20641
15925
-84039
-83871
35095
42468
5628
1898
44564
6869
-38884
-39233
-47599
-54237
-15511
-82301
-34245
41173
33364
97751
78864
-72156
-24229
-91379
-80803
72716
-71463
-98466
54911
-46362
-50404
-79595
40721
-20701
63509
89251
-11193
99013
-81363
35142
23430
-12835
14368
50988
-67901
-10347
-21574
-77173
-16946
24434
-45452
13917
99249
-99036
59312
-11140
18652
73356
-197
14634
-40059
-33747
12720
-68989
-12534
-16908
-71381
-22409
-49278
-29591
2958
-10829
93576
-47727
78365
83194
-23459
-88635
-24714
-18511
-38055
73560
-90711
-37438
28228
87492
97667
79091
-40062
96719
44557
47721
-2577
6236
5120
25779
-82363
66962
85456
32078
-86269
77122
77124
84448
-72956
37100
58998
-64463
-94505
61619
-49195
-539
47348
51660
22581
46182
-88661
33998
67843
-11192
33146
-79333
56995
31869
98595
-90310
-80804
-83898
-2865
-72917
23740
32350
-19398
-41272
-16216
-31529
84987
29571
20315
9922
66217
-11908
33573
-99018
68056
40686
-95633
-41534
-96635
91920
85699
-31920
81278
76891
-34492
87209
44049
94080
-28910
76767
19677
7524
-35951
-78916
-52242
-62880
93796
-2214
-59825
-87312
-15532
-78213
73500
63198
61275
-52041
-67215
-73616
15163
59282
29061
5191
88341
23100
-22506
99457
11551
-38327
7748
-64924
31315
-69403
66220
83901
69899
-48411
-60844
33385
90936
34419
22531
-41636
14628
12865
-87972
-37265
-94238
-71385
58026
-47822
89079
-73257
-63989
9506
59812
67555
40421
5430
65401
18356
-25149
-65915
-68593
-30032
-53900
-29523
-17477
-34379
72526
-22414
34083
-87746
54383
90122
-59902
68014
-95198
-36
-87436
-80043
-44791
89685
74809
-57507
7697
82648
-86592
-49003
-91378
-62067
-62245
75491
91690
-66725
33857
38064
-41382
-94513
24786
14756
32731
64572
-15706
-12219
-42990
39684
76125
76925
57572
-93260
-81262
44325
33151
40434
-64457
-51010
41737
22640
-33313
85050
-81398
12887
29885
-11133
98797
-27279
68176
-1763
-10268
-35533
-34247
-59920
-28942
-81769
42564
92103
60482
-9575
-93009
80400
30917
-91719
-31198
47513
83495
-20605
26688
-25123
-76835
58060
-45905
-55465
-38604
20859
60203
32599
-51593
40432
98644
26393
81962
-89018
-40322
35070
70532
25060
-94374
92017
-96996
-18476
4941
-52619
-82853
-93818
43128
23366
-51538
-94182
-47137
25007
-76512
39893
41777
-27040
83074
6184
-48267
-83644
-15179
-6837
-31071
37578
11018
63956
-98985
-2468
-68071
-84762
91203
21416
-63492
1227
-64259
46521
-74730
-61758
-6540
-98118
9750
62262
-36315
-74571
75003
-39159
1312
73552
46728
-94910
-83436
56694
-57143
-20543
-35655
1706
-2831
-98553
-94034
-24069
2481
-92402
41513
-6675
-40804
-10785
97018
44320
86628
-26890
-87900
-66590
-61205
-61679
-75846
22880
45592
62577
68891
41752
-99658
26024
94503
84739
-79209
-51106
-70987
-60755
-82828
-30436
31764
-85226
-86616
-4779
-56652
56542
-15160
-8532
2405
-98594
-77929
79129
69876
21309
-3492
-98947
-18589
-6580
-43504
48507
12381
8510
-30170
-67037
4046
80186
-60230
-29356
27586
-51755
78386
-62316
99378
13185
78783
45313
-84854
-25528
86209
16903
29226
-51398
76800
15727
-634
-46261
92590
-37039
-32904
-48547
86203
-69325
73343
-50027
-38627
-16060
-32513
-64613
-56028
86577
-52268
-19605
-33718
98329
42439
28418
3272
99593
-55651
67893
-51375
96029
-54962
1966
53246
53134
92760
2064
-54086
-79703
85642
29256
-1445
95541
16666
-5971
-90762
-67712
-15636
18945
-81039
-89610
-82748
-17033
44476
81203
81737
-32902
-7951
32464
-93847
36853
74343
88769
59628
10890
-33429
11145
-60155
35411
-87497
63863
-62608
70823
63786
65973
68280
38322
24123
-74991
68703
81863
37966
73878
44078
8729
96773
-5066
-10926
12696
76312
-60316
-6859
91633
-98457
30911
11319
53312
-98278
-52432
-10640
94877
74034
-46334
38537
58867
-46191
-96801
-85454
-9974
-38090
83810
22791
-24063
30895
-23256
-3068
-29902
60300
-79170
-87349
26230
-58394
-83081
15713
-22140
84492
-12050
-84240
64399
-25817
58858
-18043
-84702
-56007
-47720
-98069
-30196
70876
-56240
30337
48288
-63562
-91553
-95445
-69082
46960
52225
40400
-59620
-37883
-2948
-48027
19934
35491
76925
-9611
13430
-17977
-10090
79340
9096
29663
-76450
26019
43686
96616
-91754
17132
76321
73904
-15528
86927
-44994
25169
-88470
45246
30286
2584
20073
-48537
-46500
-48487
36539
42327
84480
46220
3107
49852
15860
79456
-59745
8728
42337
82056
-20675
-58436
-15
29313
1440
-15587
61047
-25973
-99107
42075
-65146
85608
-64702
-29954
98315
-58969
-17927
73315
944
-26585
7161
19523
4940
25681
89754
-27862
98309
34320
8636
72441
88505
-46098
-91686
-43156
44779
-2383
-99929
54950
-59904
-20004
-22953
-37455
-67752
77084
-22038
62616
-51863
8728
-28590
1237
49987
-78961
-52199
26864
79707
-15336
-57880
78927
-19125
-63826
-4097
-81560
-77769
11484
-38093
-38513
68971
31273
68165
-6731
-79443
-12685
72138
43028
51705
5908
68169
74764
56141
92916
-20239
-14263
-39883
-21437
3680
75163
64890
63881
-36907
-70087
83677
28769
16011
8133
10827
97864
47927
-19266
-2105
-92636
-28149
98070
79396
-53574
-97685
-76420
45057
53109
41491
24656
58189
-51374
22930
57088
-77919
-19950
-18667
-47120
-79650
-60925
83539
-89369
-7147
-42296
75464
78060
62160
-80541
32735
-28071
-20518
-67449
-52855
-19820
64556
-68712
27740
86211
-61909
47754
65343
96524
57762
-78414
61286
-68162
77046
84272
99981
-63634
13433
55104
94089
28829
-400
-32504
-95712
85468
-69720
-63963
41194
4487
-2700
30894
-95600
-10551
-43110
97128
73111
2145
25566
39804
82687
-81621
-88033
-26759
-37646
-9206
-6625
-32
45801
59980
39455
11050
21881
-78496
75809
-57761
70383
-81526
8597
38827
-50553
15264
36180
86263
83080
-5553
-43585
-15353
-20201
-8487
-29763
-23293
-81985
82655
83283
-53461
9330
-15901
-96675
55846
-79910
819
-28090
83785
99395
-12799
33067
-14490
-29306
-14972
-25129
-88549
-43473
-45282
-12661
-80031
-65331
44228
-68624
-65158
89249
-8858
-75245
-60823
64384
62655
-71746
4911
-83848
-10305
-96979
-83666
-63675
69903
-66267
-21260
96788
48784
22467
-75767
-38029
37010
19511
-51716
8881
-75068
-58411
-23994
-13095
-63728
43939
37359
29409
-97838
86694
76261
19205
-38645
60237
-23264
-95629
46236
55192
11584
64589
80989
97518
-47855
4379
-31773
-41799
-52424
-90679
74124
89159
88223
-41168
-19117
-26285
-429
-65686
-7444
80059
-71910
59986
-76546
-89620
54143
22520
-14145
-43648
81162
-66034
-28982
-56
-73582
-98419
76644
-7006
34508
583
62192
-3774
-70420
56193
-71563
-69530
50604
33330
-29970
-48992
-52763
81986
-73645
-92411
24829
39643
-94185
-33723
-45346
-74435
-35324
37866
71029
56458
19326
74242
-52115
6260
-16934
69000
29446
-50407
59936
95204
-62065
54419
-29037
56165
89002
55469
73019
-1375
-26600
78594
14782
97872
-72913
-17377
-16585
-33005
-8011
-6125
14559
-37954
67699
54955
-19820
27162
-71605
-53359
59325
66837
-55725
47587
-26467
59986
-40374
-97203
-62110
67173
-28631
-49310
77247
-97389
-3395
-87340
-70012
92105
-88459
97009
-49958
-12505
-65207
-48430
-88675
-60579
27522
92462
-77903
-19555
12396
1656
94648
43716
59157
-84863
61300
13499
-78832
-90354
-24673
-283
59385
52768
81885
-40387
-18967
52799
15781
-41450
64109
19606
-45272
67371
54955
70892
-77908
7891
-39863
384
76493
-36075
-65356
-88474
98879
-35864
10106
85095
-54902
18528
90901
64966
-3553
2322
64922
-30699
94511
-81525
26444
-47872
-89503
92025
75616
23833
5589
-24655
62192
89497
-62563
-15326
-74512
-88633
72074
-62157
-91878
-86221
-11239
-90317
-26550
82308
24642
-58453
12480
-2940
53570
-20194
-66548
94879
725
-57849
-50375
-94382
-6011
-38078
-91378
94535
50913
87520
-45656
22930
-4303
36022
0
0